0.51427	-0.0219
1.02853	-0.0252
1.5428	-0.02711
2.05707	-0.02757
2.57133	-0.02655
3.0856	-0.02406
3.59987	-0.02018
4.11414	-0.01499
4.6284	-0.00865
5.14267	-0.00134
5.65694	0.00672
6.1712	0.0153
6.68547	0.02413
7.19974	0.03291
7.714	0.04138
8.22827	0.04924
8.74254	0.05623
9.25681	0.06209
9.77107	0.06663
10.28534	0.06967
10.79961	0.07108
11.31387	0.07083
11.82814	0.0689
12.34241	0.06537
12.85667	0.06038
13.37094	0.05413
13.88521	0.04688
14.39947	0.03892
14.91374	0.0306
15.42801	0.02226
15.94228	0.01425
16.45654	0.00692
16.97081	0.00127
17.48508	-0.00341
17.99934	-0.00697
18.51361	-0.00932
19.02788	-0.01042
19.54214	-0.01026
20.05641	-0.00892
20.57068	-0.00648
21.08495	-0.00311
21.59921	0.00101
22.11348	0.00569
22.62775	0.0107
23.14201	0.01581
23.65628	0.02083
24.17055	0.02553
24.68481	0.02977
25.19908	0.0334
25.71335	0.03633
26.22761	0.03848
26.74188	0.03984
27.25615	0.04043
27.77042	0.04027
28.28468	0.03945
28.79895	0.03804
29.31322	0.03613
29.82748	0.03382
30.34175	0.0312
30.85602	0.02834
31.37028	0.02532
31.88455	0.02218
32.39882	0.01898
32.91309	0.01572
33.42735	0.01286
33.94162	0.00993
34.45589	0.00694
34.97015	0.00388
35.48442	7.55864E-4
35.99869	-0.00242
36.51295	-0.00561
37.02722	-0.00878
37.54149	-0.01187
38.05575	-0.01481
38.57002	-0.01753
39.08429	-0.01992
39.59856	-0.0219
40.11282	-0.02337
40.62709	-0.02424
41.14136	-0.02443
41.65562	-0.02387
42.16989	-0.02251
42.68416	-0.02034
43.19842	-0.01735
43.71269	-0.01358
44.22696	-0.00908
44.74123	-0.00395
45.25549	0.0017
45.76976	0.00773
46.28403	0.01399
46.79829	0.02031
47.31256	0.02652
47.82683	0.03246
48.34109	0.03794
48.85536	0.04284
49.36963	0.04702
49.8839	0.04946
50.39816	0.05132
50.91243	0.05259
51.4267	0.05326
51.94096	0.05335
52.45523	0.05289
52.9695	0.05192
53.48376	0.05051
53.99803	0.04872
54.5123	0.04663
55.02656	0.04432
55.54083	0.04187
56.0551	0.03937
56.56937	0.03687
57.08363	0.03444
57.5979	0.03214
58.11217	0.03001
58.62643	0.02809
59.1407	0.02638
59.65497	0.02489
60.16923	0.02363
60.6835	0.02258
61.19777	0.02172
61.71204	0.02103
62.2263	0.02049
62.74057	0.02007
63.25484	0.01975
63.7691	0.01951
64.28337	0.01935
64.79764	0.01924
65.3119	0.0192
65.82617	0.01922
66.34044	0.01852
66.8547	0.01801
67.36897	0.01773
67.88324	0.01769
68.39751	0.01792
68.91177	0.01843
69.42604	0.0192
69.94031	0.02023
70.45457	0.02148
70.96884	0.02291
71.48311	0.02446
71.99737	0.02607
72.51164	0.02766
73.02591	0.02916
73.54018	0.03049
74.05444	0.03158
74.56871	0.03237
75.08298	0.0328
75.59724	0.03285
76.11151	0.03248
76.62578	0.0317
77.14004	0.03051
77.65431	0.02894
78.16858	0.02702
78.68284	0.02481
79.19711	0.02235
79.71138	0.01971
80.22565	0.01695
80.73991	0.01415
81.25418	0.01136
81.76845	0.00866
82.28271	0.0061
82.79698	0.00377
83.31125	0.00168
83.82551	-1.28264E-4
84.33978	-0.0016
84.85405	-0.00269
85.36832	-0.00336
85.88258	-0.00354
86.39685	-0.00322
86.91112	-0.00235
87.42538	-8.97998E-4
87.93965	0.00114
88.45392	0.00377
88.96818	0.00698
89.48245	0.01075
89.99672	0.01503
90.51098	0.01976
91.02525	0.02486
91.53952	0.03023
92.05379	0.03577
92.56805	0.04137
93.08232	0.04689
93.59659	0.05222
94.11085	0.05723
94.62512	0.06181
95.13939	0.06586
95.65365	0.06931
96.16792	0.07207
96.68219	0.07412
97.19646	0.07544
97.71072	0.07602
98.22499	0.07588
98.73926	0.07508
99.25352	0.07366
99.76779	0.07178
100.28206	0.06952
100.79632	0.06695
101.31059	0.06416
101.82486	0.06123
102.33912	0.05824
102.85339	0.05526
103.36766	0.05236
103.88193	0.04961
104.39619	0.04707
104.91046	0.04478
105.42473	0.04277
105.93899	0.04108
106.45326	0.03971
106.96753	0.03869
107.48179	0.03798
107.99606	0.03758
108.51033	0.03744
109.0246	0.03752
109.53886	0.03776
110.05313	0.03809
110.5674	0.03842
111.08166	0.03867
111.59593	0.03875
112.1102	0.03857
112.62446	0.03804
113.13873	0.0371
113.653	0.03568
114.16727	0.03374
114.68153	0.03127
115.1958	0.02826
115.71007	0.02506
116.22433	0.02142
116.7386	0.01742
117.25287	0.01315
117.76713	0.00869
118.2814	0.00417
118.79567	-3.13254E-4
119.30993	-0.00463
119.8242	-0.00869
120.33847	-0.01238
120.85274	-0.01563
121.367	-0.01838
121.88127	-0.02058
122.39554	-0.02224
122.9098	-0.02334
123.42407	-0.02394
123.93834	-0.02407
124.4526	-0.0238
124.96687	-0.02321
125.48114	-0.02236
125.99541	-0.02135
126.50967	-0.02023
127.02394	-0.01907
127.53821	-0.01792
128.05247	-0.01679
128.56674	-0.01571
129.08101	-0.01466
129.59527	-0.01363
130.10954	-0.01257
130.62381	-0.01145
131.13807	-0.01021
131.65234	-0.00882
132.16661	-0.0073
132.68088	-0.00555
133.19514	-0.00355
133.70941	-0.00129
134.22368	0.00121
134.73794	0.00392
135.25221	0.00681
135.76648	0.00982
136.28074	0.01287
136.79501	0.0159
137.30928	0.01883
137.82355	0.0216
138.33781	0.02412
138.85208	0.02636
139.36635	0.02828
139.88061	0.02986
140.39488	0.03111
140.90915	0.03203
141.42341	0.03268
141.93768	0.03311
142.45195	0.03339
142.96621	0.0336
143.48048	0.03383
143.99475	0.03415
144.50902	0.03465
145.02328	0.03538
145.53755	0.03641
146.05182	0.03775
146.56608	0.03942
147.08035	0.04141
147.59462	0.04367
148.10888	0.04615
148.62315	0.04891
149.13742	0.0517
149.65169	0.0544
150.16595	0.05689
150.68022	0.05905
151.19449	0.06076
151.70875	0.06193
152.22302	0.06248
152.73729	0.06236
153.25155	0.06154
153.76582	0.06004
154.28009	0.05788
154.79435	0.05515
155.30862	0.05193
155.82289	0.04835
156.33716	0.04454
156.85142	0.04064
157.36569	0.0368
157.87996	0.03316
158.39422	0.02985
158.90849	0.02698
159.42276	0.02465
159.93702	0.02293
160.45129	0.02184
160.96556	0.02139
161.47983	0.02158
161.99409	0.02234
162.50836	0.0236
163.02263	0.02529
163.53689	0.02729
164.05116	0.0295
164.56543	0.03179
165.07969	0.03393
165.59396	0.03595
166.10823	0.03776
166.62249	0.03929
167.13676	0.04047
167.65103	0.04126
168.1653	0.04162
168.67956	0.04152
169.19383	0.04096
169.7081	0.03994
170.22236	0.03848
170.73663	0.03661
171.2509	0.03436
171.76516	0.03179
172.27943	0.02895
172.7937	0.02592
173.30797	0.02277
173.82223	0.01958
174.3365	0.01644
174.85077	0.01343
175.36503	0.01065
175.8793	0.00818
176.39357	0.00609
176.90783	0.00446
177.4221	0.00333
177.93637	0.00275
178.45064	0.00273
178.9649	0.00326
179.47917	0.00432
179.99344	0.00584
180.5077	0.00776
181.02197	0.00998
181.53624	0.01217
182.0505	0.01437
182.56477	0.01639
183.07904	0.01805
183.5933	0.01919
184.10757	0.01968
184.62184	0.01941
185.13611	0.01833
185.65037	0.01645
186.16464	0.01381
186.67891	0.01053
187.19317	0.00676
187.70744	0.00268
188.22171	-0.00149
188.73597	-0.00552
189.25024	-0.00917
189.76451	-0.01225
190.27878	-0.01455
190.79304	-0.01594
191.30731	-0.01634
191.82158	-0.01571
192.33584	-0.01408
192.85011	-0.01154
193.36438	-0.00823
193.87864	-0.00434
194.39291	-7.28981E-5
194.90718	0.00432
195.42144	0.0086
195.93571	0.01254
196.44998	0.01592
196.96425	0.01858
197.47851	0.0204
197.99278	0.02121
198.50705	0.02095
199.02131	0.01968
199.53558	0.0175
200.04985	0.01461
200.56411	0.01122
201.07838	0.00757
201.59265	0.00393
202.10692	5.51367E-4
202.62118	-0.00234
203.13545	-0.00456
203.64972	-0.00595
204.16398	-0.00643
204.67825	-0.00597
205.19252	-0.00459
205.70678	-0.00238
206.22105	5.4163E-4
206.73532	0.004
207.24958	0.00781
207.76385	0.01176
208.27812	0.01565
208.79239	0.01929
209.30665	0.02251
209.82092	0.02518
210.33519	0.02719
210.84945	0.02851
211.36372	0.02912
211.87799	0.02906
212.39225	0.02841
212.90652	0.02729
213.42079	0.02583
213.93506	0.02421
214.44932	0.02256
214.96359	0.02105
215.47786	0.01983
215.99212	0.019
216.50639	0.01869
217.02066	0.01896
217.53492	0.01987
218.04919	0.02142
218.56346	0.02362
219.07772	0.02641
219.59199	0.02972
220.10626	0.03346
220.62053	0.03751
221.13479	0.04174
221.64906	0.04601
222.16333	0.05017
222.67759	0.05409
223.19186	0.05761
223.70613	0.06063
224.22039	0.06302
224.73466	0.0647
225.24893	0.0656
225.7632	0.06568
226.27746	0.0649
226.79173	0.06329
227.306	0.06085
227.82026	0.05765
228.33453	0.05376
228.8488	0.04928
229.36306	0.0443
229.87733	0.03895
230.3916	0.03336
230.90586	0.02671
231.42013	0.02008
231.9344	0.01367
232.44867	0.00767
232.96293	0.00222
233.4772	-0.00255
233.99147	-0.00655
234.50573	-0.00974
235.02	-0.01208
235.53427	-0.01363
236.04853	-0.01443
236.5628	-0.01459
237.07707	-0.01421
237.59134	-0.01342
238.1056	-0.01237
238.61987	-0.01118
239.13414	-0.00997
239.6484	-0.00883
240.16267	-0.00781
240.67694	-0.00695
241.1912	-0.00624
241.70547	-0.00564
242.21974	-0.00509
242.734	-0.0045
243.24827	-0.00375
243.76254	-0.00275
244.27681	-0.0014
244.79107	3.77784E-4
245.30534	0.00265
245.81961	0.00542
246.33387	0.00868
246.84814	0.01238
247.36241	0.0164
247.87667	0.02063
248.39094	0.02491
248.90521	0.02908
249.41948	0.03294
249.93374	0.03634
250.44801	0.0391
250.96228	0.04111
251.47654	0.04227
251.99081	0.04252
252.50508	0.04184
253.01934	0.04028
253.53361	0.03791
254.04788	0.03485
254.56214	0.03123
255.07641	0.02723
255.59068	0.02303
256.10495	0.0188
256.61921	0.01472
257.13348	0.01095
257.64775	0.00761
258.16201	0.00482
258.67628	0.00265
259.19055	0.00113
259.70481	2.7805E-4
260.21908	6.40957E-5
260.73335	4.42528E-4
261.24762	0.00135
261.76188	0.00269
262.27615	0.00439
262.79042	0.00635
263.30468	0.00848
263.81895	0.01052
264.33322	0.01255
264.84748	0.01452
265.36175	0.01642
265.87602	0.01822
266.39029	0.01989
266.90455	0.02144
267.41882	0.02284
267.93309	0.02411
268.44735	0.02523
268.96162	0.02621
269.47589	0.02705
269.99015	0.02774
270.50442	0.02828
271.01869	0.02867
271.53295	0.02891
272.04722	0.02899
272.56149	0.02891
273.07576	0.02868
273.59002	0.02828
274.10429	0.02772
274.61856	0.02699
275.13282	0.0261
275.64709	0.02505
276.16136	0.02382
276.67562	0.02242
277.18989	0.02083
277.70416	0.01904
278.21843	0.01705
278.73269	0.01486
279.24696	0.01247
279.76123	0.00988
280.27549	0.0073
280.78976	0.00457
281.30403	0.00172
281.81829	-0.00119
282.33256	-0.00411
282.84683	-0.00695
283.36109	-0.00963
283.87536	-0.01203
284.38963	-0.01405
284.9039	-0.01558
285.41816	-0.01653
285.93243	-0.01679
286.4467	-0.01629
286.96096	-0.01498
287.47523	-0.01283
287.9895	-0.00984
288.50376	-0.00605
289.01803	-0.00152
289.5323	0.00365
290.04657	0.00935
290.56083	0.01542
291.0751	0.0217
291.58937	0.02804
292.10363	0.03426
292.6179	0.0402
293.13217	0.04573
293.64643	0.0507
294.1607	0.05504
294.67497	0.05867
295.18923	0.06155
295.7035	0.06367
296.21777	0.06504
296.73204	0.06563
297.2463	0.06566
297.76057	0.06519
298.27484	0.06429
298.7891	0.06303
299.30337	0.06147
299.81764	0.05965
300.3319	0.05761
300.84617	0.05538
301.36044	0.05298
301.87471	0.0504
302.38897	0.04763
302.90324	0.04468
303.41751	0.04151
303.93177	0.03812
304.44604	0.03451
304.96031	0.03066
305.47457	0.02659
305.98884	0.02232
306.50311	0.01787
307.01737	0.0133
307.53164	0.00865
308.04591	0.00397
308.56018	-6.75063E-4
309.07444	-0.00522
309.58871	-0.00961
310.10298	-0.01379
310.61724	-0.01772
311.13151	-0.02135
311.64578	-0.02465
312.16004	-0.0276
312.67431	-0.03019
313.18858	-0.03278
313.70285	-0.03489
314.21711	-0.03648
314.73138	-0.03757
315.24565	-0.03814
315.75991	-0.03819
316.27418	-0.03772
316.78845	-0.03673
317.30271	-0.0352
317.81698	-0.03314
318.33125	-0.03054
318.84551	-0.02742
319.35978	-0.02379
319.87405	-0.01969
320.38832	-0.01514
320.90258	-0.01021
321.41685	-0.00496
321.93112	5.21366E-4
322.44538	0.00614
322.95965	0.0118
323.47392	0.01739
323.98818	0.02279
324.50245	0.0279
325.01672	0.03262
325.53099	0.03683
326.04525	0.04047
326.55952	0.04347
327.07379	0.04577
327.58805	0.04736
328.10232	0.04823
328.61659	0.04838
329.13085	0.04787
329.64512	0.04675
330.15939	0.04501
330.67365	0.04276
331.18792	0.0401
331.70219	0.03716
332.21646	0.03406
332.73072	0.03094
333.24499	0.02792
333.75926	0.02509
334.27352	0.02255
334.78779	0.02038
335.30206	0.01862
335.81632	0.0173
336.33059	0.01642
336.84486	0.01596
337.35913	0.01589
337.87339	0.01613
338.38766	0.01661
338.90193	0.01726
339.41619	0.01796
339.93046	0.01865
340.44473	0.01922
340.95899	0.0196
341.47326	0.01972
341.98753	0.01954
342.5018	0.01901
343.01606	0.01814
343.53033	0.01691
344.0446	0.01534
344.55886	0.01346
345.07313	0.01131
345.5874	0.00894
346.10166	0.00635
346.61593	0.00363
347.1302	8.41366E-4
347.64446	-0.00197
348.15873	-0.00477
348.673	-0.0075
349.18727	-0.01012
349.70153	-0.0126
350.2158	-0.0149
350.73007	-0.01698
351.24433	-0.0188
351.7586	-0.0203
352.27287	-0.02144
352.78713	-0.02217
353.3014	-0.02244
353.81567	-0.0222
354.32994	-0.0214
354.8442	-0.02001
355.35847	-0.018
355.87274	-0.01537
356.387	-0.01213
356.90127	-0.00831
357.41554	-0.00397
357.9298	8.3156E-4
358.44407	0.00598
358.95834	0.01137
359.4726	0.01686
359.98687	0.0223
360.50114	0.02756
361.01541	0.03247
361.52967	0.03688
362.04394	0.04068
362.55821	0.0432
363.07247	0.04509
363.58674	0.04628
364.10101	0.04674
364.61527	0.04646
365.12954	0.04545
365.64381	0.04373
366.15808	0.04135
366.67234	0.03839
367.18661	0.03493
367.70088	0.03107
368.21514	0.02692
368.72941	0.02261
369.24368	0.01827
369.75794	0.01402
370.27221	0.00997
370.78648	0.00626
371.30074	0.00297
371.81501	2.11221E-4
372.32928	-0.00196
372.84355	-0.00348
373.35781	-0.00433
373.87208	-0.00448
374.38635	-0.00395
374.90061	-0.00276
375.41488	-9.58294E-4
375.92915	0.0014
376.44341	0.00424
376.95768	0.00747
377.47195	0.01099
377.98622	0.01472
378.50048	0.01854
379.01475	0.02053
379.52902	0.02254
380.04328	0.02456
380.55755	0.02659
381.07182	0.02863
381.58608	0.03067
382.10035	0.0327
382.61462	0.0347
383.12888	0.03667
383.64315	0.0386
384.15742	0.04045
384.67169	0.04223
385.18595	0.04389
385.70022	0.04542
386.21449	0.0468
386.72875	0.04802
387.24302	0.04903
387.75729	0.04984
388.27155	0.05043
388.78582	0.05078
389.30009	0.05089
389.81436	0.05076
390.32862	0.05039
390.84289	0.04979
391.35716	0.04898
391.87142	0.04797
392.38569	0.0468
392.89996	0.04548
393.41422	0.04405
393.92849	0.04256
394.44276	0.04102
394.95702	0.03947
395.47129	0.03673
395.98556	0.03418
396.49983	0.03194
397.01409	0.0301
397.52836	0.02872
398.04263	0.02779
398.55689	0.02728
399.07116	0.0271
399.58543	0.02714
400.09969	0.02727
400.61396	0.02733
401.12823	0.02719
401.6425	0.0267
402.15676	0.02576
402.67103	0.02428
403.1853	0.02221
403.69956	0.01955
404.21383	0.01634
404.7281	0.01267
405.24236	0.00865
405.75663	0.00442
406.2709	1.62371E-4
406.78517	-0.00395
407.29943	-0.00775
407.8137	-0.01106
408.32797	-0.01374
408.84223	-0.01569
409.3565	-0.01684
409.87077	-0.01714
410.38503	-0.01664
410.8993	-0.01538
411.41357	-0.01346
411.92783	-0.01099
412.4421	-0.00814
412.95637	-0.00511
413.47064	-0.00212
413.9849	6.25521E-4
414.49917	0.00293
415.01344	0.00463
415.5277	0.00561
416.04197	0.00581
416.55624	0.00519
417.0705	0.00378
417.58477	0.00167
418.09904	-0.00102
418.61331	-0.00413
419.12757	-0.00749
419.64184	-0.0109
420.15611	-0.01415
420.67037	-0.01705
421.18464	-0.01944
421.69891	-0.02117
422.21317	-0.02214
422.72744	-0.02228
423.24171	-0.02156
423.75597	-0.02001
424.27024	-0.01767
424.78451	-0.01465
425.29878	-0.01106
425.81304	-0.00703
426.32731	-0.00271
426.84158	0.00175
427.35584	0.00621
427.87011	0.01053
428.38438	0.01314
428.89864	0.01551
429.41291	0.01762
429.92718	0.01946
430.44145	0.02105
430.95571	0.02239
431.46998	0.02353
431.98425	0.02451
432.49851	0.02538
433.01278	0.02618
433.52705	0.027
434.04131	0.02787
434.55558	0.02887
435.06985	0.03003
435.58411	0.03141
436.09838	0.03302
436.61265	0.03489
437.12692	0.03702
437.64118	0.0394
438.15545	0.042
438.66972	0.04478
439.18398	0.0477
439.69825	0.05068
440.21252	0.05366
440.72678	0.05655
441.24105	0.05929
441.75532	0.0618
442.26959	0.06399
442.78385	0.0658
443.29812	0.06718
443.81239	0.06807
444.32665	0.06844
444.84092	0.06828
445.35519	0.06759
445.86945	0.06635
446.38372	0.06459
446.89799	0.06232
447.41225	0.05957
447.92652	0.05639
448.44079	0.05281
448.95506	0.04888
449.46932	0.04466
449.98359	0.0402
450.49786	0.03556
451.01212	0.0308
451.52639	0.02598
452.04066	0.02118
452.55492	0.01646
453.06919	0.01188
453.58346	0.00751
454.09773	0.00342
454.61199	-3.38545E-4
455.12626	-0.0037
455.64053	-0.00663
456.15479	-0.00908
456.66906	-0.01103
457.18333	-0.01246
457.69759	-0.01338
458.21186	-0.01381
458.72613	-0.01376
459.24039	-0.0133
459.75466	-0.01247
460.26893	-0.01134
460.7832	-0.00998
461.29746	-0.00846
461.81173	-0.00685
462.326	-0.00522
462.84026	-0.00363
463.35453	-0.00211
463.8688	-6.99755E-4
464.38306	5.8488E-4
464.89733	0.00174
465.4116	0.00279
465.92587	0.00375
466.44013	0.00467
466.9544	0.00557
467.46867	0.00651
467.98293	0.00754
468.4972	0.00869
469.01147	0.01
469.52573	0.01148
470.04	0.01316
470.55427	0.01502
471.06853	0.01705
471.5828	0.01922
472.09707	0.02149
472.61134	0.0238
473.1256	0.02611
473.63987	0.02833
474.15414	0.03041
474.6684	0.03228
475.18267	0.03388
475.69694	0.03514
476.2112	0.03602
476.72547	0.03647
477.23974	0.03646
477.75401	0.03595
478.26827	0.03501
478.78254	0.03364
479.29681	0.03184
479.81107	0.02963
480.32534	0.02705
480.83961	0.02413
481.35387	0.02091
481.86814	0.01747
482.38241	0.01386
482.89668	0.01016
483.41094	0.00645
483.92521	0.00281
484.43948	-6.50101E-4
484.95374	-0.00385
485.46801	-0.00671
485.98228	-0.00914
486.49654	-0.01106
487.01081	-0.01242
487.52508	-0.01316
488.03934	-0.01327
488.55361	-0.01272
489.06788	-0.01154
489.58215	-0.00974
490.09641	-0.00739
490.61068	-0.00456
491.12495	-0.00133
491.63921	0.0022
492.15348	0.00592
492.66775	0.00972
493.18201	0.01348
493.69628	0.0171
494.21055	0.02051
494.72482	0.02289
495.23908	0.02403
495.75335	0.02383
496.26762	0.02231
496.78188	0.01961
497.29615	0.01596
497.81042	0.01164
498.32468	0.00699
498.83895	0.00236
499.35322	-0.00195
499.86748	-0.00568
500.38175	-0.00863
500.89602	-0.01071
501.41029	-0.0119
501.92455	-0.01226
502.43882	-0.01193
502.95309	-0.01109
503.46735	-0.00993
503.98162	-0.00865
504.49589	-0.00742
505.01015	-0.00636
505.52442	-0.00556
506.03869	-0.00504
506.55296	-0.00475
507.06722	-0.00462
507.58149	-0.00456
508.09576	-0.00446
508.61002	-0.00425
509.12429	-0.00388
509.63856	-0.00337
510.15282	-0.0028
510.66709	5.1526E-4
511.18136	0.00413
511.69562	0.00795
512.20989	0.01187
512.72416	0.01578
513.23843	0.01955
513.75269	0.02304
514.26696	0.02613
514.78123	0.02871
515.29549	0.03067
515.80976	0.03194
516.32403	0.03246
516.83829	0.03222
517.35256	0.0312
517.86683	0.02944
518.3811	0.02699
518.89536	0.02392
519.40963	0.02033
519.9239	0.01634
520.43816	0.01205
520.95243	0.00761
521.4667	0.00317
521.98096	-0.00111
522.49523	-0.00508
523.0095	-0.00855
523.52376	-0.01133
524.03803	-0.0132
524.5523	-0.01395
525.06657	-0.01334
525.58083	-0.01112
526.0951	-0.00701
526.60937	-7.51693E-4
527.12363	0.00789
527.6379	0.01915
528.15217	0.03324
528.66643	0.05035
529.1807	0.07062
529.69497	0.09412
530.20924	0.12085
530.7235	0.15073
531.23777	0.1836
531.75204	0.21918
532.2663	0.25715
532.78057	0.29706
533.29484	0.33843
533.8091	0.3807
534.32337	0.4233
534.83764	0.46564
535.3519	0.50712
535.86617	0.54719
536.38044	0.58538
536.89471	0.62124
537.40897	0.65446
537.92324	0.68481
538.43751	0.71217
538.95177	0.73653
539.46604	0.75799
539.98031	0.77673
540.49457	0.79303
541.00884	0.80723
541.52311	0.81969
542.03738	0.83081
542.55164	0.84099
543.06591	0.8506
543.58018	0.85995
544.09444	0.86934
544.60871	0.87896
545.12298	0.88895
545.63724	0.89936
546.15151	0.91017
546.66578	0.92127
547.18005	0.93251
547.69431	0.94368
548.20858	0.95452
548.72285	0.96478
549.23711	0.97418
549.75138	0.98245
550.26565	0.98936
550.77991	0.99468
551.29418	0.99827
551.80845	1
552.32271	0.99982
552.83698	0.99772
553.35125	0.99375
553.86552	0.98802
554.37978	0.98067
554.89405	0.9719
555.40832	0.9619
555.92258	0.95092
556.43685	0.93919
556.95112	0.92696
557.46538	0.91447
557.97965	0.90191
558.49392	0.88948
559.00819	0.87734
559.52245	0.8656
560.03672	0.85429
560.55099	0.8435
561.06525	0.83323
561.57952	0.82346
562.09379	0.81409
562.60805	0.80503
563.12232	0.79614
563.63659	0.78728
564.15085	0.77829
564.66512	0.769
565.17939	0.75926
565.69366	0.74892
566.20792	0.73785
566.72219	0.72594
567.23646	0.71312
567.75072	0.69933
568.26499	0.68456
568.77926	0.66883
569.29352	0.65219
569.80779	0.63471
570.32206	0.6165
570.83633	0.59768
571.35059	0.57841
571.86486	0.55882
572.37913	0.53909
572.89339	0.51936
573.40766	0.4998
573.92193	0.48055
574.43619	0.46173
574.95046	0.44346
575.46473	0.42584
575.97899	0.40894
576.49326	0.39275
577.00753	0.3774
577.5218	0.36291
578.03606	0.34928
578.55033	0.33652
579.0646	0.3246
579.57886	0.3135
580.09313	0.30318
580.6074	0.29361
581.12166	0.28474
581.63593	0.27651
582.1502	0.26888
582.66447	0.26178
583.17873	0.25514
583.693	0.24891
584.20727	0.243
584.72153	0.23734
585.2358	0.23185
585.75007	0.22644
586.26433	0.22104
586.7786	0.21556
587.29287	0.20994
587.80713	0.2041
588.3214	0.198
588.83567	0.19159
589.34994	0.18484
589.8642	0.17777
590.37847	0.17037
590.89274	0.16268
591.407	0.15476
591.92127	0.14668
592.43554	0.13852
592.9498	0.13037
593.46407	0.12235
593.97834	0.11456
594.49261	0.10713
595.00687	0.10016
595.52114	0.09373
596.03541	0.08793
596.54967	0.08282
597.06394	0.07843
597.57821	0.07479
598.09247	0.07187
598.60674	0.06963
599.12101	0.06802
599.63527	0.06693
600.14954	0.06625
600.66381	0.06587
601.17808	0.06563
601.69234	0.06538
602.20661	0.06499
602.72088	0.06431
603.23514	0.06322
603.74941	0.06161
604.26368	0.05941
604.77794	0.05657
605.29221	0.05307
605.80648	0.04895
606.32075	0.04426
606.83501	0.0391
607.34928	0.03361
607.86355	0.02793
608.37781	0.02224
608.89208	0.01672
609.40635	0.0114
609.92061	0.00663
610.43488	0.0026
610.94915	-5.49653E-4
611.46342	-0.00272
611.97768	-0.00386
612.49195	-0.00397
613.00622	-0.0031
613.52048	-0.00136
614.03475	0.00111
614.54902	0.0041
615.06328	0.00739
615.57755	0.01076
616.09182	0.01395
616.60608	0.01675
617.12035	0.01893
617.63462	0.02034
618.14889	0.02083
618.66315	0.02032
619.17742	0.01879
619.69169	0.01627
620.20595	0.01281
620.72022	0.00855
621.23449	0.00364
621.74875	-0.00174
622.26302	-0.00738
622.77729	-0.01308
623.29156	-0.01864
623.80582	-0.02386
624.32009	-0.02859
624.83436	-0.0327
625.34862	-0.03606
625.86289	-0.03883
626.37716	-0.04057
626.89142	-0.04126
627.40569	-0.04093
627.91996	-0.03963
628.43422	-0.03742
628.94849	-0.03441
629.46276	-0.03068
629.97703	-0.02633
630.49129	-0.02144
631.00556	-0.01609
631.51983	-0.01035
632.03409	-0.00428
632.54836	0.00208
633.06263	0.00867
633.57689	0.01545
634.09116	0.02239
634.60543	0.02942
635.1197	0.03648
635.63396	0.04351
636.14823	0.0504
636.6625	0.05706
637.17676	0.06337
637.69103	0.06919
638.2053	0.0744
638.71956	0.07886
639.23383	0.08244
639.7481	0.08502
640.26236	0.0865
640.77663	0.0868
641.2909	0.08586
641.80517	0.08366
642.31943	0.08095
642.8337	0.07737
643.34797	0.07296
643.86223	0.06778
644.3765	0.0619
644.89077	0.05541
645.40503	0.04841
645.9193	0.04102
646.43357	0.03336
646.94784	0.02555
647.4621	0.0177
647.97637	0.00995
648.49064	0.00239
649.0049	-0.00487
649.51917	-0.01172
650.03344	-0.01811
650.5477	-0.02394
651.06197	-0.02917
651.57624	-0.03375
652.0905	-0.03763
652.60477	-0.0408
653.11904	-0.04322
653.63331	-0.04488
654.14757	-0.04575
654.66184	-0.04583
655.17611	-0.04511
655.69037	-0.04356
656.20464	-0.04118
656.71891	-0.03798
657.23317	-0.03393
657.74744	-0.02907
658.26171	-0.0234
658.77598	-0.01676
659.29024	-0.00939
659.80451	-0.00137
660.31878	0.00719
660.83304	0.01616
661.34731	0.02537
661.86158	0.03465
662.37584	0.0438
662.89011	0.05262
663.40438	0.0609
663.91864	0.06844
664.43291	0.07504
664.94718	0.08053
665.46145	0.08477
665.97571	0.08764
666.48998	0.08907
667.00425	0.08904
667.51851	0.08756
668.03278	0.08468
668.54705	0.08051
669.06131	0.0752
669.57558	0.0689
670.08985	0.06182
670.60412	0.05417
671.11838	0.04617
671.63265	0.03804
672.14692	0.03001
672.66118	0.02226
673.17545	0.015
673.68972	0.00838
674.20398	0.00254
674.71825	-0.00241
675.23252	-0.0076
675.74679	-0.01136
676.26105	-0.01362
676.77532	-0.01439
677.28959	-0.01373
677.80385	-0.01174
678.31812	-0.00857
678.83239	-0.00441
679.34665	5.1209E-4
679.86092	0.00595
680.37519	0.01163
680.88945	0.0173
681.40372	0.02267
681.91799	0.0275
682.43226	0.03156
682.94652	0.03465
683.46079	0.03661
683.97506	0.03733
684.48932	0.03678
685.00359	0.03496
685.51786	0.03193
686.03212	0.02781
686.54639	0.02276
687.06066	0.01701
687.57493	0.01079
688.08919	0.00436
688.60346	-0.00201
689.11773	-0.00805
689.63199	-0.01352
690.14626	-0.01818
690.66053	-0.02183
691.17479	-0.02432
691.68906	-0.02555
692.20333	-0.02577
692.71759	-0.02493
693.23186	-0.02306
693.74613	-0.02016
694.2604	-0.01629
694.77466	-0.01152
695.28893	-0.00594
695.8032	3.38635E-4
696.31746	0.00718
696.83173	0.01444
697.346	0.02196
697.86026	0.02956
698.37453	0.03707
698.8888	0.04432
699.40307	0.05113
699.91733	0.05733
700.4316	0.06279
700.94587	0.06738
701.46013	0.07102
701.9744	0.07365
702.48867	0.07524
703.00293	0.0758
703.5172	0.07541
704.03147	0.07413
704.54573	0.07209
705.06	0.06942
705.57427	0.06628
706.08854	0.06283
706.6028	0.05921
707.11707	0.05558
707.63134	0.05207
708.1456	0.04906
708.65987	0.04634
709.17414	0.04393
709.6884	0.04186
710.20267	0.04011
710.71694	0.03865
711.23121	0.03746
711.74547	0.03648
712.25974	0.03565
712.77401	0.03492
713.28827	0.03422
713.80254	0.03351
714.31681	0.03273
714.83107	0.03184
715.34534	0.03082
715.85961	0.02962
716.37387	0.02826
716.88814	0.02671
717.40241	0.02498
717.91668	0.02309
718.43094	0.02106
718.94521	0.0189
719.45948	0.01665
719.97374	0.01434
720.48801	0.01199
721.00228	0.00965
721.51654	0.00735
722.03081	0.00512
722.54508	0.003
723.05935	9.98467E-4
723.57361	-8.46425E-4
724.08788	-0.00252
724.60215	-0.00342
725.11641	-0.00419
725.63068	-0.0048
726.14495	-0.00529
726.65921	-0.00564
727.17348	-0.00588
727.68775	-0.00602
728.20201	-0.00609
728.71628	-0.0061
729.23055	-0.00608
729.74482	-0.00605
730.25908	-0.00604
730.77335	-0.00606
731.28762	-0.00614
731.80188	-0.00629
732.31615	-0.00651
732.83042	-0.00682
733.34468	-0.00721
733.85895	-0.00767
734.37322	-0.00821
734.88749	-0.00879
735.40175	-0.00942
735.91602	-0.01005
736.43029	-0.01069
736.94455	-0.01129
737.45882	-0.01184
737.97309	-0.01233
738.48735	-0.01272
739.00162	-0.01301
739.51589	-0.01318
740.03015	-0.01322
740.54442	-0.01314
741.05869	-0.01292
741.57296	-0.01253
742.08722	-0.01198
742.60149	-0.01128
743.11576	-0.01045
743.63002	-0.00951
744.14429	-0.00848
744.65856	-0.00738
745.17282	-0.00624
745.68709	-0.00509
746.20136	-0.00396
746.71563	-0.00286
747.22989	-0.00181
747.74416	-8.50055E-4
748.25843	1.79488E-5
748.77269	7.7755E-4
749.28696	0.00142
749.80123	0.00194
750.31549	0.00235
750.82976	0.00264
751.34403	0.00283
751.85829	0.00294
752.37256	0.00299
752.88683	0.003
753.4011	0.003
753.91536	0.00303
754.42963	0.0031
754.9439	0.00325
755.45816	0.0035
755.97243	0.00387
756.4867	0.00438
757.00096	0.00503
757.51523	0.00543
758.0295	0.00593
758.54377	0.00652
759.05803	0.0072
759.5723	0.00795
760.08657	0.00874
760.60083	0.00956
761.1151	0.01038
761.62937	0.01116
762.14363	0.01188
762.6579	0.01251
763.17217	0.01302
763.68644	0.01339
764.2007	0.01358
764.71497	0.01359
765.22924	0.01339
765.7435	0.01296
766.25777	0.01232
766.77204	0.01144
767.2863	0.01033
767.80057	0.00901
768.31484	0.00749
768.8291	0.00579
769.34337	0.00392
769.85764	0.00193
770.37191	-1.5212E-4
770.88617	-0.0023
771.40044	-0.00446
771.91471	-0.0066
772.42897	-0.00869
772.94324	-0.01066
773.45751	-0.01249
773.97177	-0.0136
774.48604	-0.01439
775.00031	-0.01479
775.51458	-0.01476
776.02884	-0.01426
776.54311	-0.01328
777.05738	-0.01178
777.57164	-0.00977
778.08591	-0.00725
778.60018	-0.00423
779.11444	-7.34993E-4
779.62871	0.0032
780.14298	0.00755
780.65724	0.01226
781.17151	0.01727
781.68578	0.02255
782.20005	0.02802
782.71431	0.03364
783.22858	0.03933
783.74285	0.04504
784.25711	0.05069
784.77138	0.05624
785.28565	0.0616
785.79991	0.06672
786.31418	0.07155
786.82845	0.07601
787.34272	0.08005
787.85698	0.08363
788.37125	0.0867
788.88552	0.08921
789.39978	0.09115
789.91405	0.09249
790.42832	0.09324
790.94258	0.09315
791.45685	0.09223
791.97112	0.09054
792.48538	0.08817
792.99965	0.08521
793.51392	0.08175
794.02819	0.07793
794.54245	0.07387
795.05672	0.06969
795.57099	0.06552
796.08525	0.06147
796.59952	0.05764
797.11379	0.05412
797.62805	0.05097
798.14232	0.04824
798.65659	0.04596
799.17086	0.04411
799.68512	0.0427
800.19939	0.04168
800.71366	0.04099
801.22792	0.04059
801.74219	0.0404
802.25646	0.04036
802.77072	0.04039
803.28499	0.04043
803.79926	0.04041
804.31352	0.04029
804.82779	0.04003
805.34206	0.03958
805.85633	0.03894
806.37059	0.03808
806.88486	0.03682
807.39913	0.03535
807.91339	0.03366
808.42766	0.03178
808.94193	0.02973
809.45619	0.02754
809.97046	0.02522
810.48473	0.02281
810.999	0.02035
811.51326	0.01788
812.02753	0.01543
812.5418	0.01304
813.05606	0.01078
813.57033	0.00868
814.0846	0.0068
814.59886	0.00521
815.11313	0.00395
815.6274	0.00309
816.14166	0.00268
816.65593	0.00276
817.1702	0.00338
817.68447	0.00456
818.19873	0.00631
818.713	0.00864
819.22727	0.01152
819.74153	0.01491
820.2558	0.01875
820.77007	0.02294
821.28433	0.02741
821.7986	0.03202
822.31287	0.03665
822.82714	0.04116
823.3414	0.04576
823.85567	0.04989
824.36994	0.05341
824.8842	0.05619
825.39847	0.05812
825.91274	0.05913
826.427	0.05918
826.94127	0.05827
827.45554	0.05644
827.9698	0.05377
828.48407	0.05037
828.99834	0.04636
829.51261	0.04192
830.02687	0.0372
830.54114	0.03238
831.05541	0.02763
831.56967	0.02311
832.08394	0.01894
832.59821	0.01524
833.11247	0.01209
833.62674	0.00953
834.14101	0.00757
834.65528	0.00619
835.16954	0.00534
835.68381	0.00495
836.19808	0.00492
836.71234	0.00516
837.22661	0.00554
837.74088	0.00597
838.25514	0.00635
838.76941	0.00658
839.28368	0.0066
839.79795	0.00637
840.31221	0.00585
840.82648	0.00505
841.34075	0.00397
841.85501	0.00266
842.36928	0.00117
842.88355	-4.23587E-4
843.39781	-0.00205
843.91208	-0.00361
844.42635	-0.00502
844.94061	-0.00619
845.45488	-0.00704
845.96915	-0.0075
846.48342	-0.0075
846.99768	-0.007
847.51195	-0.00595
848.02622	-0.00436
848.54048	-0.00222
849.05475	4.58595E-4
849.56902	0.00363
850.08328	0.00725
850.59755	0.01127
851.11182	0.0156
851.62609	0.02018
852.14035	0.02492
852.65462	0.02976
853.16889	0.03461
853.68315	0.03939
854.19742	0.04403
854.71169	0.04847
855.22595	0.05265
855.74022	0.05651
856.25449	0.05985
856.76875	0.06281
857.28302	0.06535
857.79729	0.06742
858.31156	0.06899
858.82582	0.07
859.34009	0.07041
859.85436	0.07018
860.36862	0.06929
860.88289	0.0677
861.39716	0.06538
861.91142	0.06235
862.42569	0.0586
862.93996	0.05418
863.45423	0.04912
863.96849	0.04351
864.48276	0.03744
864.99703	0.03102
865.51129	0.02439
866.02556	0.01768
866.53983	0.01105
867.05409	0.00466
867.56836	-0.00136
868.08263	-0.00685
868.59689	-0.01171
869.11116	-0.01582
869.62543	-0.01913
870.1397	-0.02158
870.65396	-0.02317
871.16823	-0.02391
871.6825	-0.02384
872.19676	-0.02304
872.71103	-0.02161
873.2253	-0.01964
873.73956	-0.01724
874.25383	-0.01453
874.7681	-0.01158
875.28237	-0.00849
875.79663	-0.00532
876.3109	-0.00211
876.82517	0.0011
877.33943	0.00431
877.8537	0.00754
878.36797	0.01081
878.88223	0.01414
879.3965	0.01758
879.91077	0.02115
880.42503	0.02486
880.9393	0.02872
881.45357	0.03268
881.96784	0.03672
882.4821	0.04074
882.99637	0.04464
883.51064	0.04831
884.0249	0.05159
884.53917	0.05436
885.05344	0.05646
885.5677	0.05776
886.08197	0.05815
886.59624	0.05754
887.11051	0.05588
887.62477	0.05317
888.13904	0.04945
888.65331	0.0448
889.16757	0.03947
889.68184	0.03353
890.19611	0.02717
890.71037	0.0206
891.22464	0.01407
891.73891	0.00778
892.25318	0.00198
892.76744	-0.00313
893.28171	-0.00738
893.79598	-0.01062
894.31024	-0.01272
894.82451	-0.01363
895.33878	-0.01332
895.85304	-0.01179
896.36731	-0.0091
896.88158	-0.00533
897.39584	-5.88007E-4
897.91011	0.00499
898.42438	0.01125
898.93865	0.01803
899.45291	0.02518
899.96718	0.03251
900.48145	0.03989
900.99571	0.04714
901.50998	0.05413
902.02425	0.06073
902.53851	0.06681
903.05278	0.07227
903.56705	0.077
904.08132	0.08094
904.59558	0.08401
905.10985	0.08616
905.62412	0.08743
906.13838	0.08738
906.65265	0.08598
907.16692	0.08326
907.68118	0.07925
908.19545	0.07401
908.70972	0.06765
909.22398	0.06027
909.73825	0.05203
910.25252	0.04307
910.76679	0.03357
911.28105	0.02372
911.79532	0.01373
912.30959	0.0038
912.82385	-0.00585
913.33812	-0.01502
913.85239	-0.02351
914.36665	-0.03113
914.88092	-0.0377
915.39519	-0.04307
915.90946	-0.04713
916.42372	-0.04979
916.93799	-0.051
917.45226	-0.05075
917.96652	-0.04909
918.48079	-0.0461
918.99506	-0.04191
919.50932	-0.03669
920.02359	-0.03064
920.53786	-0.024
921.05212	-0.01703
921.56639	-0.00997
922.08066	-0.00121
922.59493	0.007
923.10919	0.01427
923.62346	0.02027
924.13773	0.02479
924.65199	0.0277
925.16626	0.029
925.68053	0.02876
926.19479	0.02718
926.70906	0.0245
927.22333	0.02104
927.7376	0.01714
928.25186	0.01315
928.76613	0.00941
929.2804	0.00621
929.79466	0.0038
930.30893	0.00236
930.8232	0.002
931.33746	0.00275
931.85173	0.00458
932.366	0.00737
932.88026	0.01096
933.39453	0.01512
933.9088	0.0196
934.42307	0.02413
934.93733	0.02842
935.4516	0.0322
935.96587	0.03522
936.48013	0.03728
936.9944	0.03822
937.50867	0.03796
938.02293	0.03646
938.5372	0.03488
939.05147	0.03262
939.56574	0.02978
940.08	0.02645
940.59427	0.02277
941.10854	0.01886
941.6228	0.01486
942.13707	0.01091
942.65134	0.00713
943.1656	0.00363
943.67987	5.09732E-4
944.19414	-0.00217
944.7084	-0.00436
945.22267	-0.00605
945.73694	-0.00723
946.25121	-0.00793
946.76547	-0.00816
947.27974	-0.00796
947.79401	-0.00737
948.30827	-0.00642
948.82254	-0.00514
949.33681	-0.00354
949.85107	-0.00164
950.36534	5.54256E-4
950.87961	0.00304
951.39388	0.0058
951.90814	0.00882
952.42241	0.01207
952.93668	0.0155
953.45094	0.01905
953.96521	0.02264
954.47948	0.02618
954.99374	0.0294
955.50801	0.03238
956.02228	0.03503
956.53654	0.03727
957.05081	0.03904
957.56508	0.04028
958.07935	0.04099
958.59361	0.04117
959.10788	0.04086
959.62215	0.04014
960.13641	0.03908
960.65068	0.03779
961.16495	0.03638
961.67921	0.03496
962.19348	0.03363
962.70775	0.03247
963.22202	0.03154
963.73628	0.03087
964.25055	0.03045
964.76482	0.03026
965.27908	0.03025
965.79335	0.03033
966.30762	0.03042
966.82188	0.03044
967.33615	0.03029
967.85042	0.02991
968.36469	0.02925
968.87895	0.02829
969.39322	0.02703
969.90749	0.02553
970.42175	0.02386
970.93602	0.02211
971.45029	0.02035
971.96455	0.0187
972.47882	0.01726
972.99309	0.01614
973.50735	0.01545
974.02162	0.01525
974.53589	0.01561
975.05016	0.01655
975.56442	0.01808
976.07869	0.02018
976.59296	0.02279
977.10722	0.02584
977.62149	0.02922
978.13576	0.03283
978.65002	0.03655
979.16429	0.04024
979.67856	0.04379
980.19283	0.04706
980.70709	0.04997
981.22136	0.05241
981.73563	0.05432
982.24989	0.05565
982.76416	0.05637
983.27843	0.0565
983.79269	0.05603
984.30696	0.05503
984.82123	0.05353
985.33549	0.05162
985.84976	0.04936
986.36403	0.04686
986.8783	0.04418
987.39256	0.04143
987.90683	0.03888
988.4211	0.03644
988.93536	0.03414
989.44963	0.03203
989.9639	0.03014
990.47816	0.02847
990.99243	0.02705
991.5067	0.02586
992.02097	0.02489
992.53523	0.02413
993.0495	0.02354
993.56377	0.02309
994.07803	0.02275
994.5923	0.02247
995.10657	0.02221
995.62083	0.02194
996.1351	0.02161
996.64937	0.02118
997.16363	0.02064
997.6779	0.01996
998.19217	0.01912
998.70644	0.01813
999.2207	0.01698
999.73497	0.01569
1000.24924	0.0143
1000.7635	0.01282
1001.27777	0.01131
1001.79204	0.00981
1002.3063	0.00837
1002.82057	0.00705
1003.33484	0.00591
1003.84911	0.00499
1004.36337	0.00401
1004.87764	0.00345
1005.39191	0.00336
1005.90617	0.00376
1006.42044	0.00467
1006.93471	0.00607
1007.44897	0.00793
1007.96324	0.0102
1008.47751	0.01282
1008.99177	0.01569
1009.50604	0.01871
1010.02031	0.02179
1010.53458	0.02481
1011.04884	0.02766
1011.56311	0.03023
1012.07738	0.03243
1012.59164	0.03416
1013.10591	0.03536
1013.62018	0.03596
1014.13444	0.03593
1014.64871	0.03526
1015.16298	0.03394
1015.67725	0.032
1016.19151	0.02947
1016.70578	0.02641
1017.22005	0.02291
1017.73431	0.01903
1018.24858	0.01488
1018.76285	0.01055
1019.27711	0.00617
1019.79138	0.00184
1020.30565	-0.00233
1020.81991	-0.00671
1021.33418	-0.01059
1021.84845	-0.01387
1022.36272	-0.01644
1022.87698	-0.01822
1023.39125	-0.01917
1023.90552	-0.01924
1024.41978	-0.01846
1024.93405	-0.01685
1025.44832	-0.01447
1025.96258	-0.01141
1026.47685	-0.00777
1026.99112	-0.00368
1027.50539	7.29799E-4
1028.01965	0.00531
1028.53392	0.00992
1029.04819	0.01441
1029.56245	0.01865
1030.07672	0.02253
1030.59099	0.02593
1031.10525	0.02878
1031.61952	0.03101
1032.13379	0.03258
1032.64805	0.03346
1033.16232	0.03366
1033.67659	0.0332
1034.19086	0.03211
1034.70512	0.03046
1035.21939	0.02832
1035.73366	0.02578
1036.24792	0.02292
1036.76219	0.01987
1037.27646	0.01685
1037.79072	0.01385
1038.30499	0.01098
1038.81926	0.00832
1039.33353	0.00596
1039.84779	0.00398
1040.36206	0.00246
1040.87633	0.00144
1041.39059	9.69815E-4
1041.90486	0.00105
1042.41913	0.00169
1042.93339	0.00285
1043.44766	0.00448
1043.96193	0.00653
1044.47619	0.00891
1044.99046	0.01152
1045.50473	0.01428
1046.019	0.01707
1046.53326	0.01981
1047.04753	0.02241
1047.5618	0.0248
1048.07606	0.02693
1048.59033	0.02877
1049.1046	0.0303
1049.61886	0.03152
1050.13313	0.03246
1050.6474	0.03314
1051.16167	0.0336
1051.67593	0.03389
1052.1902	0.03402